bias_camada_1 = {1.5101284163938178,-2.1558841710553893,-0.7140932592212058,-0.7424532260383317,0.35157808605254826}
bias_camada_2 = {0.5967070459986508,-2.4525691252295516,-0.10321487517044858,-0.6443239138356348,-0.17501406526669427,-0.38377645282780953,2.5870160977427004,0.22434686050132988}
bias_camada_3 = {0.33283465989613376,-0.49506010630595604,-0.5798394075318575,-0.48797797571661805,-0.34855262661546293,-0.513321891955916,-0.21673142195406073,-1.564053582293229}
bias_camada_4 = {-0.8026584571852996,-0.01682663848640899,-0.692691545404158,0.36736960806340513,-0.6042501602386351}
bias_camada_5 = {0.5848510716741739,-4.805679209415018,4.27641624388267}
