coef_camada_1 = {{-0.8983901954794257, 1.129734097743187, -0.7739919191893552, -2.1062155003296272, -0.7481726048517866},{-1.6230113917252347, -0.0016788129920163825, -0.23912419812130808, -2.6528826470576052, -0.24649145394912433},{-0.15061349747274377, 0.03611101940489235, -0.4576078185061419, -0.20394131787953798, -0.9607680020710196},{-0.11072637994244389, -0.043846526919439244, 0.0908716927777761, -0.08966907656267427, -0.7671061104081219},{2.2286942449088247, 2.2537766925995824, -0.28888243859403423, 2.5585373750828997, -0.11690668330024803}}
coef_camada_2 = {{-0.5773745275909544, -0.1667617771769134, 0.915726592057645, 1.3752393843496977, -0.44520343836318693, -1.5131953753125944, 1.720281577329645, 1.8947210220120931},{-0.5730693662381947, 0.9102395088911889, 0.6506348234883986, 0.19856952270862444, -0.7143467631190071, 0.7841344443093031, -0.9824873090223578, 0.29638956652446674},{0.5548654517267071, -0.2802683287646089, -0.2881973289755263, -0.5024146421181002, -0.652691153028487, 0.24285548425842157, -0.39160390770248665, -0.31838348139293343},{-0.011474967351895533, -0.9837433505355802, 0.8571358438622649, -1.0249077281824799, 0.11486568570335633, 1.195983820415864, -2.052053373332966, -1.3894335881363868},{0.27140867643825606, -0.14539469392995977, -0.5579135502204224, -0.010993971920644293, 0.17820077592784409, 0.059011702460767146, 0.38748956380567795, 0.14650210417125462}}
coef_camada_3 = {{0.33087038041368566, 0.2772656339665877, 0.4691929821967212, 0.15138327559766826, 0.3072691241515073, -0.05209914047760045, -0.2727883009074491, 0.4845919216719748},{-1.1653114552170922, 0.5689961442561559, -0.5126831653240399, 0.14002246711160066, -0.47157738945568795, 2.212373077518185, 0.7156668208836909, 0.028366056851664705},{0.3855895043568975, -0.34174832759158635, 1.406110481888205, 0.025701367323337405, -0.6504624952014878, 0.35145610902540575, 0.19538443109366047, 0.8517645730749336},{1.2741364279315774, -0.19586350121315974, 1.0548645245552606, 0.1158911648652953, -0.6144181567486519, -0.3431824170966605, 0.24211047568288205, -0.8496110497882232},{-0.3769961373332176, -0.4441701298537563, 0.4579282987009757, 0.24092198050560623, -0.5312480268385652, 0.20079656579088176, 0.2873897492554124, 0.5178067564395059},{-0.8607917998126364, -0.45991814869316267, -1.054127472469683, -0.583936448934909, -0.5773852559246991, 0.87864799218093, 1.1045045180405242, 1.597470460059711},{-0.422099095959258, 0.3037361632920782, -1.9187844264744118, -0.2704058499245776, 0.10375932432579438, 2.31432658115647, 0.3372001372377412, -0.6286181237585424},{1.055808158840186, -0.3929125843075404, 1.4615210610569669, -0.16298878247253248, 0.3928460835781148, 0.7269543181649625, -0.20990973436454863, -1.3288221063785937}}
coef_camada_4 = {{0.253714885238899, -0.243794267598881, -0.3453939787311771, -0.4237512402225626, -0.33636474334551725},{0.3299399398382439, -0.41271030303632, 0.110485337398569, 0.6382788150917682, 0.4709882413595756},{-3.233951889434426, -0.28108218336531093, -0.33302917820672046, 0.41005374631251107, -0.4696731658252715},{-0.6458796435720847, -0.587353385919887, -0.01854309734406387, 0.14439352446494158, 0.09349903132027783},{-0.35108609366061816, 0.6428474045299494, 0.10829259442384091, -0.16276616333810912, 0.06918677861485195},{0.39337676499001606, 2.1232967674737186, -1.2183917709113574, -0.600683718231129, -1.1643967221910083},{0.16770597539304438, 0.2600822989193118, -0.17639088726895044, -0.5912961168822928, -0.5043349840994682},{1.1102935769135558, -1.621661751861647, -0.016013002112527475, 0.03350184256203353, 0.5767882465280153}}
coef_camada_5 = {{1.264253320693208, -3.019529950864076, 1.2018210024310045},{0.6607336553794959, 1.0306946298700383, 0.06731320659287218},{0.6597430468833954, 0.2674658310620083, 0.13538151648651298},{-0.18917382124120605, -0.025378955767611396, 0.18046555941256587},{0.7124359789041392, 0.23092893419067684, 0.6050347216262284}}
